R.No.,Name,SUB1,MRK1,GRD1,SUB2,MRK2,GRD2,SUB3,MRK3,GRD3,SUB4,MRK4,GRD4,SUB5,MRK5,GRD5,SUB6,MRK6,GRD6,we,hp,gs,Res
13629408,AMRIT SINGH,301,25,14,042,19,23,043,12,,041,,,049,,,,,
13629409,ABHYAM DAVESAR,301,32,23,042,31,27,043,14,,044,,,034,,,,,
13629410,AASHNA ARORA,301,31,34,042,35,34,043,33,,044,,,048,,,,,
13629411,AKHILESH HASTIR,301,28,37,104,18,27,042,27,,043,,,044,,,,,
13629412,AMRITA KAUR,301,33,18,042,18,28,043,14,,044,,,034,,,,,
13629413,ANIKET BHARDWAJ,301,36,33,042,35,33,043,14,,044,,,034,,,,,
13629414,ASHMEET GROVER,301,32,17,042,21,28,043,10,,044,,,035,,,,,
13629415,BHAVREET KAUR,301,33,33,042,35,33,043,15,,044,,,034,,,,,
13629416,CHAHAT DHAWAN,301,36,30,042,35,34,043,14,26,044,,,034,,,,,,041
13629417,DIYA SOOD,301,26,14,042,19,24,043,14,,044,,,034,,,,,
13629418,DIYA VAID,301,32,13,042,16,21,043,08,09,044,,,049,,,,,,034
13629419,EKNOOR KAUR,301,33,38,104,14,18,042,21,,043,,,044,,,,,
13629420,GURMANDIP SINGH,301,26,14,042,19,21,043,11,,044,,,034,,,,,
13629421,GURNOOR KAUR,301,30,13,042,12,12,043,28,,044,,,029,,,,,
13629422,GURSHEEN KAUR,301,32,21,042,32,30,043,15,,044,,,034,,,,,
13629423,HARKIRAT KAUR,301,30,18,042,30,33,043,11,,044,,,049,,,,,
13629424,HARNOOR KAUR GILL,301,25,14,042,14,12,043,21,,044,,,041,,,,,
13629425,HIMANI SHRI,301,32,14,042,17,19,043,10,19,044,,,034,,,,,,041
13629426,HIYA ARORA,301,32,29,042,28,33,043,14,15,044,,,034,,,,,,049
13629427,JAPLEEN MANCHANDA,301,32,27,042,32,31,043,36,,044,,,041,,,,,
13629428,JIYA ARORA,301,28,13,042,18,25,043,15,,044,,,034,,,,,
13629429,KANISHKA BHAGAT,301,32,18,042,19,26,043,12,,044,,,056,,,,,
13629430,KARAN ANAND,301,29,27,042,25,24,043,14,,044,,,034,,,,,
13629431,KAUSHIK KAPOOR,301,28,18,042,25,24,043,34,,044,,,048,,,,,
13629432,KAVYA BHARDWAJ,301,26,21,042,20,14,043,09,,044,,,034,,,,,
13629433,KAVYA MAHENDRU,301,36,32,042,33,31,043,14,,044,,,049,,,,,
13629434,KHUSHI CHOPRA,301,32,30,042,31,34,043,13,,041,,,034,,,,,
13629435,KHUSHBOO KAKKAR,301,29,18,042,21,28,043,15,,044,,,034,,,,,
13629436,KIRANJOT KAUR,301,35,21,042,30,28,043,35,15,044,,,048,,,,,,049
13629437,KRITIN KUMAR,301,36,27,042,28,33,043,14,32,044,,,049,,,,,,041
13629438,MANIK KHANNA,301,33,25,042,29,33,043,14,,044,,,034,,,,,
13629439,MIRDUL GOSWAMI,301,29,27,042,29,26,043,14,40,044,,,049,,,,,,041
13629440,NAVROJ KAUR,301,32,18,042,14,21,043,12,24,044,,,035,,,,,,041
13629441,PIYUSH BHATIA,301,24,20,042,14,20,043,33,,044,,,048,,,,,
13629442,PRABHNOOR KAUR,301,36,40,054,40,40,030,15,40,028,,,034,,,,,,027
13629443,PRATHAM SHARMA,301,23,16,042,19,21,043,12,,044,,,049,,,,,
13629444,PULKIT KAPOOR,301,28,17,042,23,26,043,11,22,044,,,034,,,,,,809
13629445,PULKIT SINGHANIA,301,28,25,042,23,28,043,35,,044,,,048,,,,,
13629446,RANNVEER SINGH,301,32,33,042,28,31,043,14,37,044,,,034,,,,,,041
13629447,ROHAN TALWAR,301,34,28,042,31,32,043,25,,044,,,065,,,,,
13629448,SAMARTH CHAWLA,301,32,27,042,29,27,043,14,,044,,,034,,,,,
13629449,SAMBHAV BHANDARI,301,23,30,055,35,31,030,12,11,054,,,034,,,,,,049
13629450,SAMEEP GUPTA,301,30,16,042,21,27,043,14,,044,,,034,,,,,
13629451,SAMYA,301,31,16,042,19,28,043,33,33,044,,,041,,,,,,048
13629452,SANCHITA SHARMA,301,32,16,042,18,23,043,34,,044,,,048,,,,,
13629453,SANJANA SHARMA,301,22,21,042,22,20,043,10,,044,,,056,,,,,
13629454,SEERAT KAUR HUNDAL,301,30,30,042,29,27,043,33,33,044,,,048,,,,,,041
13629455,SEHAJREET KAUR,301,35,28,042,22,28,043,15,,044,,,034,,,,,
13629456,SHEETAL BIALA,301,31,24,042,26,23,043,14,,044,,,034,,,,,
13629457,SIMRAN ARORA,301,29,29,042,24,29,043,13,,044,,,049,,,,,
13629458,SNEHA,301,35,20,042,17,18,043,14,28,044,,,034,,,,,,037
13629459,SRISHTI,301,31,17,042,17,21,043,13,37,044,,,049,,,,,,041
13629460,SUNEET KAUR,301,28,28,042,18,28,043,12,,044,,,034,,,,,
13629461,SUYASHI KAPOOR,301,34,21,042,22,29,043,15,,044,,,034,,,,,
13629462,TARANJOT ARORA,301,33,33,042,35,34,043,15,,044,,,034,,,,,
13629463,UDAY SINGH,301,30,17,042,29,20,043,35,,044,,,048,,,,,
13629464,UDHAV SHARMA,301,31,21,042,18,24,043,15,,044,,,034,,,,,
13629465,VEDANT ARORA,301,27,17,042,15,09,043,24,,044,,,041,,,,,
13629466,VEDIKA ARORA,301,28,16,042,18,10,043,24,,044,,,041,,,,,
13629467,VIDHIKA,301,27,23,042,23,26,043,11,,044,,,034,,,,,
13629468,YUVAM KHOSLA,301,32,26,042,25,33,043,35,31,044,,,048,,,,,,041
13629469,ABHAY ANEJA,301,30,18,042,22,29,043,11,,041,,,034,,,,,
13629470,ABHINAV GUPTA,301,30,32,042,33,37,043,14,,041,,,034,,,,,
13629471,ABHISHEK KUMAR,301,32,28,042,33,37,043,15,,041,,,034,,,,,
13629472,ADITYA MANAN,301,35,28,042,35,38,043,15,,041,,,034,,,,,
13629473,ADITYA AGGARWAL,301,32,26,042,30,32,043,15,,041,,,034,,,,,
13629474,ADITYA SARSWAT,301,32,34,042,31,38,043,10,,041,,,034,,,,,
13629475,AKRITI KAPOOR,301,36,34,042,35,39,043,14,,041,,,034,,,,,
13629476,ANIRUDH JOSHI,301,21,25,042,21,24,043,31,,041,,,048,,,,,
13629477,ANSH BHALLA,301,24,26,042,22,25,043,11,,041,,,034,,,,,
13629478,ANUJ VERMA,301,32,28,042,28,26,043,13,,041,,,049,,,,,
13629479,ARCHIE ARORA,301,25,28,042,30,20,043,22,,041,,,065,,,,,
13629480,ARJUN SHARMA,301,22,24,042,22,14,043,06,,041,,,034,,,,,
13629481,ARYAN ARORA,301,36,26,042,35,26,043,12,,041,,,034,,,,,
13629482,ARYAN MEHRA,301,29,24,042,22,20,043,34,,041,,,048,,,,,
13629483,ARYAN SHARMA,301,30,32,042,31,33,043,12,,041,,,034,,,,,
13629484,AVINAJ KAUR,301,33,35,042,32,37,043,15,,041,,,034,,,,,
13629485,AYASHI,301,31,29,042,25,21,043,11,,041,,,049,,,,,
13629486,BHAVISHYA MEHRA,301,35,29,042,28,27,043,14,,041,,,034,,,,,
13629487,BHAVYA GERA,301,34,34,042,35,40,043,15,,041,,,034,,,,,
13629488,BHAVYAA KHANNA,301,32,33,042,35,37,043,14,,041,,,034,,,,,
13629489,CHANDRANSHU BHARDWAJ,301,32,32,042,34,34,043,14,,041,,,035,,,,,
13629490,DEVKARAN SINGH SARKARIA,301,32,35,042,34,36,043,14,,041,,,034,,,,,
13629491,DHRUV SALARIA,301,28,27,042,33,30,043,14,13,041,,,049,,,,,,034
13629492,DIVYANSH SHARMA,301,29,31,042,28,34,043,15,,041,,,034,,,,,
13629493,DIYA MAHAJAN,301,33,28,042,27,26,043,15,,041,,,034,,,,,
13629494,DIYA MEHRA,301,36,27,042,14,19,043,10,,041,,,056,,,,,
13629495,DIYA SHARMA,301,21,25,042,17,19,043,11,,041,,,034,,,,,
13629496,EKROOP KAUR GILL,301,32,29,042,35,30,043,15,,041,,,034,,,,,
13629497,FATHE VIR SINGH RANDHAWA,301,AB,AB,042,AB,AB,043,AB,AB,041,,,048,,,,,,065
13629498,GARVIT KALIA,301,26,15,042,18,16,043,31,,041,,,048,,,,,
13629499,GEETANSH MOHINDRU,301,29,28,042,27,35,043,12,,041,,,034,,,,,
13629500,HANSHIKA ARORA,301,32,24,042,21,24,043,12,,041,,,056,,,,,
13629501,HARJAP SINGH,301,33,21,042,26,31,043,14,,041,,,034,,,,,
13629502,HARKIRAT CHADHA,301,37,30,042,30,38,043,14,,041,,,035,,,,,
13629503,HARMANJIT KAUR SHINH,301,33,16,042,25,25,043,21,,041,,,065,,,,,
13629504,HARSHIT CHOPRA,301,26,32,042,29,30,043,26,,041,,,065,,,,,
13629505,HEERAK KASHYAP,301,29,31,042,22,36,043,13,,041,,,034,,,,,
13629506,JASPINDER SINGH MAAN,301,36,34,042,32,39,043,35,,041,,,048,,,,,
13629507,JATIN MEHTA,301,24,15,042,27,16,043,09,,041,,,034,,,,,
13629508,JYOTANSH MOHINDRU,301,36,33,042,30,40,043,15,,041,,,034,,,,,
13629509,KASHISH RAMPAL,301,36,14,042,18,17,043,33,,041,,,048,,,,,
13629510,KESHAV PESHAWARIA,301,34,18,042,21,33,043,13,,041,,,034,,,,,
13629511,KRISH KAPOOR,301,29,20,042,16,15,043,12,,041,,,049,,,,,
13629512,KRISHAN ANAND,301,33,23,042,32,33,043,14,,041,,,035,,,,,
13629513,KRISHNAM AGGARWAL,301,28,22,042,25,26,043,13,,041,,,034,,,,,
13629514,LAVANYA KUNDRA,301,33,21,042,31,29,043,14,,041,,,049,,,,,
13629515,LAVANYA SHARMA,301,27,23,042,26,20,043,14,15,041,,,049,,,,,,034
13629516,MANNAT THAKUR,301,27,18,042,28,18,043,10,,041,,,034,,,,,
13629517,MANVEER SINGH SOHAL,301,28,17,042,21,19,043,33,,041,,,048,,,,,
13629518,MEHAKPREET KAUR,301,33,25,042,19,31,043,15,,041,,,034,,,,,
13629519,NAMAN ARORA,301,32,29,042,33,33,043,14,,041,,,034,,,,,
13629520,NAMAN BANSAL,301,34,28,042,29,36,043,14,,041,,,034,,,,,
13629521,NAVYA KUNDRA,301,37,17,042,24,31,043,31,,041,,,065,,,,,
13629522,NAVYA MITTAL,301,36,28,042,25,28,043,14,,041,,,034,,,,,
13629523,NIMISH DAVAR,301,32,25,042,23,26,043,12,,041,,,035,,,,,
13629524,NIPUN NOHRIA,301,37,35,042,35,40,043,30,,041,,,065,,,,,
13629525,PALASH GUPTA,301,36,34,042,34,31,043,14,,041,,,034,,,,,
13629526,PARAS,301,28,25,042,28,20,043,33,,041,,,048,,,,,
13629527,PRANAV SOOD,301,32,29,042,33,37,043,15,,041,,,034,,,,,
13629528,PRITIKA MAHAJAN,301,30,21,042,17,27,043,33,,041,,,048,,,,,
13629529,RADHESH KAPOOR,301,28,32,042,32,37,043,12,,041,,,034,,,,,
13629530,RAKSHIT ANAND,301,32,23,042,29,30,043,13,,041,,,049,,,,,
13629531,REHAAN SHARMA,301,35,32,042,34,39,043,15,,041,,,034,,,,,
13629532,RISHIT GUPTA,301,34,30,042,26,34,043,15,,041,,,034,,,,,
13629533,RUBANI KAUR,301,33,28,042,34,39,043,13,,041,,,034,,,,,
13629534,SAARANSH SHARMA,301,35,35,042,35,40,043,15,,041,,,034,,,,,
13629535,SAARTHAK BHATIA,301,24,31,042,30,26,043,14,,041,,,034,,,,,
13629536,SAIYAM SHARMA,301,24,28,048,23,25,042,23,,043,,,041,,,,,
13629537,SAKSHAM ANAND,301,31,32,042,32,38,043,14,,041,,,034,,,,,
13629538,SAMARDEEP SINGH SOHAL,301,28,19,042,23,19,043,34,,041,,,048,,,,,
13629539,SAMREEN KAUR PANNU,301,29,15,042,24,16,043,13,21,041,,,034,,,,,,044
13629540,SARTAJBIR SINGH HANS,301,32,26,042,25,23,043,20,,041,,,044,,,,,
13629541,SARTHAK ARORA,301,27,17,042,27,16,043,14,,041,,,034,,,,,
13629542,SARTHAK MAHAJAN,301,31,20,042,31,21,043,33,,041,,,048,,,,,
13629543,SAUNDARYA PURI,301,31,25,042,34,27,043,15,,041,,,034,,,,,
13629544,SHEETAL MEHAN,301,32,32,042,34,35,043,15,,041,,,034,,,,,
13629545,SHERIFF SINGH BHULLAR,301,36,26,042,32,29,043,12,,041,,,034,,,,,
13629546,SHIVAM ARORA,301,31,31,042,26,34,043,14,,041,,,034,,,,,
13629547,SHRESHTH AGGARWAL,301,32,22,042,29,28,043,28,,041,,,065,,,,,
13629548,SHRIYA AGGARWAL,301,31,22,042,25,32,043,13,,041,,,034,,,,,
13629549,SHRIYA TIWARI,301,30,29,042,28,33,043,12,,041,,,034,,,,,
13629550,SNEHAL MEHRA,301,30,30,042,33,35,043,15,,041,,,034,,,,,
13629551,SPARSH KHANNA,301,32,29,042,33,34,043,13,,041,,,034,,,,,
13629552,SUKHMANDEEP KAUR,301,27,19,042,15,17,043,06,,041,,,034,,,,,
13629553,SUKHMANJIT KAUR,301,28,36,104,25,19,042,31,12,043,,,041,,,,,,034
13629554,TAMANNA CHAUHAN,301,30,26,042,28,26,043,14,,041,,,034,,,,,
13629555,TARUNPREET KAUR,301,30,24,042,14,23,043,14,,041,,,049,,,,,
13629556,VAIBHAV CHOPRA,301,32,35,042,35,34,043,14,,041,,,034,,,,,
13629557,YUVRAJ SINGH BHULLAR,301,33,24,042,14,20,043,12,,041,,,034,,,,,
13629558,AADITYA MAHAJAN,301,27,34,030,33,32,054,15,22,055,,,034,,,,,,241
13629559,AADITYA MEHTA,301,28,36,030,40,34,054,25,14,055,,,041,,,,,,049
13629560,ABHAV BANSAL,301,28,29,030,32,26,054,11,,055,,,034,,,,,
13629561,ADITYA ARORA,301,31,36,030,38,24,054,27,,809,,,065,,,,,
13629562,ADITYA NAYYAR,301,23,26,030,32,21,054,11,,055,,,034,,,,,
13629563,AGRIMA GOUTAM,301,31,36,030,40,34,054,35,,055,,,241,,,,,
13629564,AKARSHIT MEHRA,301,29,37,030,38,38,054,33,,055,,,065,,,,,
13629565,AKSHIT SURI,301,30,33,030,36,35,054,12,,055,,,049,,,,,
13629566,AKUL SHARMA,301,29,31,030,36,27,054,14,34,055,,,049,,,,,,241
13629567,ANANDIKA ARORA,301,26,28,030,34,30,054,14,,055,,,049,,,,,
13629568,ANGAMJOT SINGH AHUJA,301,30,31,030,36,35,054,12,,055,,,034,,,,,
13629569,ANIKET KHULLAR,301,27,17,030,29,24,054,33,,055,,,048,,,,,
13629570,ARMAAN ARORA,301,23,24,030,32,24,054,06,,055,,,034,,,,,
13629571,ARNAV MAHAJAN,301,32,36,030,40,34,054,36,,055,,,241,,,,,
13629572,ARPIT AERY,301,29,37,104,31,37,030,29,,054,,,055,,,,,
13629573,ARPIT BHASKAR,301,28,25,030,27,30,054,09,30,055,,,034,,,,,,041
13629574,ARPIT SINGH,301,28,40,104,29,39,030,32,,054,,,055,,,,,
13629575,ARYAN ARORA,301,30,34,030,36,30,054,10,37,055,,,034,,,,,,104
13629576,ARYAN SHARMA,301,32,33,030,36,27,054,27,15,055,,,241,,,,,,034
13629577,ASHUTOSH SHARMA,301,27,27,030,29,24,054,32,32,055,,,048,,,,,,028
13629578,AVNEET KAUR JUDGE,301,30,39,030,37,40,054,15,30,055,,,034,,,,,,041
13629579,AYUSH ANAND,301,34,39,030,36,38,054,39,,055,,,241,,,,,
13629580,AYUSH BHATIA,301,28,34,030,37,36,054,15,,055,,,049,,,,,
13629581,AYUSHMAAN SAINI,301,27,25,030,33,36,054,27,25,055,,,065,,,,,,048
13629582,BHAGYAM MAHESHWARY,301,28,36,030,38,36,054,15,37,055,,,034,,,,,,241
13629583,BHAVIK BEHAL,301,27,24,030,35,28,054,14,,055,,,034,,,,,
13629584,DAKSH MAHAJAN,301,31,35,030,37,34,054,34,14,055,,,241,,,,,,049
13629585,DEEWANSH,301,24,31,030,35,35,054,35,14,055,,,241,,,,,,034
13629586,DHAIRYA BANSAL,301,33,36,030,40,38,054,14,,055,,,034,,,,,
13629587,DHAIRYA,301,21,31,030,40,38,054,14,33,055,,,034,,,,,,241
13629588,DHRITI CHOPRA,301,31,36,030,35,38,054,33,14,055,,,241,,,,,,034
13629589,DHRITI KANDHARI,301,33,38,030,40,39,054,14,,055,,,034,,,,,
13629590,DILAWAR SINGH RANDHAWA,301,33,32,030,37,29,054,12,20,055,,,049,,,,,,041
13629591,DIVANSHU KUMAR,301,28,32,030,33,35,054,28,09,055,,,041,,,,,,035
13629592,DIVIJA KHOSLA,301,35,38,030,39,40,054,14,35,055,,,049,,,,,,241
13629593,DIVLEEN KAUR,301,29,39,104,32,36,030,29,20,054,,,055,,,,,,041
13629594,DIVYA MEHRA,301,32,39,030,37,36,054,13,,055,,,034,,,,,
13629595,DIVYANSH MOHLA,301,29,32,030,36,38,054,25,14,055,,,041,,,,,,034
13629596,DIVYANSHI ARORA,301,33,33,030,32,35,054,11,,055,,,049,,,,,
13629597,DIYA GUPTA,301,32,40,030,39,40,054,15,24,055,,,034,,,,,,809
13629598,DIYA WAHI,301,22,33,104,20,31,030,18,,054,,,055,,,,,
13629599,GANISH KAPUR,301,32,40,030,40,37,054,24,33,055,,,065,,,,,,241
13629600,GARIMA MEHRA,301,28,32,030,37,36,054,12,24,055,,,049,,,,,,041
13629601,GARIMA SAREEN,301,32,33,030,36,26,054,15,,055,,,056,,,,,
13629602,GARIMA TANDON,301,30,38,030,40,37,054,38,14,055,,,241,,,,,,034
13629603,GAURANG ARORA,301,35,38,030,40,40,054,40,,055,,,241,,,,,
13629604,GAUTAM NARANG,301,32,32,030,35,32,054,14,,055,,,034,,,,,
13629605,GAYATRI KAUR,301,29,37,030,39,36,054,13,19,055,,,034,,,,,,041
13629606,GURGEET KAUR,301,34,38,030,40,40,054,14,,055,,,049,,,,,
13629607,GURSAHIB DASS,301,27,31,030,36,21,054,16,,055,,,241,,,,,
13629608,HARBINDER SINGH,301,25,33,030,26,31,054,14,20,055,,,034,,,,,,041
13629609,HARDIK JOSAN,301,26,34,030,38,34,054,26,32,055,,,048,,,,,,241
13629610,HARGUN ARORA,301,15,20,048,25,20,054,13,,809,,,034,,,,,
13629611,HARSHIT AGGARWAL,301,32,33,030,29,34,054,12,12,055,,,034,,,,,,049
13629612,HARSHIT AGGARWAL,301,31,38,030,40,40,054,14,,055,,,035,,,,,
13629613,HARSHIT SETIA,301,29,37,030,39,37,054,29,14,055,,,241,,,,,,034
13629614,HARSHITDEEP SINGH,301,32,39,104,32,39,030,26,,054,,,055,,,,,
13629615,HEMANT VIG,301,28,34,030,35,25,054,29,,055,,,048,,,,,
13629616,HETAL MEHRA,301,31,40,030,38,33,054,15,14,055,,,034,,,,,,056
13629617,HIMANK BAJAJ,301,36,39,030,40,37,054,34,15,055,,,241,,,,,,034
13629618,ISHAAN WADHWA,301,26,34,030,37,28,054,11,28,055,,,034,,,,,,241
13629619,ISHIKA KHANNA,301,22,20,030,30,15,054,07,,055,,,049,,,,,
13629620,ISHITA ARORA,301,28,28,030,34,22,054,12,21,055,,,034,,,,,,041
13629621,ISHITA KAPOOR,301,36,31,030,39,30,054,18,13,055,,,041,,,,,,034
13629622,ISHMAN KAUR SODHI,301,28,28,030,28,15,054,13,,055,,,034,,,,,
13629623,JAI BHARDWAJ,301,27,31,030,33,30,054,14,,055,,,035,,,,,
13629624,JANVI ARORA,301,24,27,030,28,20,054,12,,055,,,034,,,,,
13629625,JARUL SHARMA,301,36,38,030,39,37,054,15,33,055,,,034,,,,,,241
13629626,JASKIRAT SINGH,301,23,35,030,26,31,054,10,,055,,,049,,,,,
13629627,JASKIRAT SINGH,301,25,28,030,32,13,054,30,,055,,,048,,,,,
13629628,KANAN KHANNA,301,28,34,030,36,30,054,14,25,055,,,034,,,,,,065
13629629,KANISH SEHGAL,301,32,39,030,40,39,054,40,AB,055,,,241,,,,,,034
13629630,KANIT CHHABRA,301,22,25,030,29,26,054,09,,055,,,034,,,,,
13629631,KANNAN ARORA,301,27,25,030,28,28,054,18,21,055,,,041,,,,,,065
13629632,KASHISH BHATIA,301,26,28,030,30,18,054,09,,055,,,049,,,,,
13629633,KASHISH MADAN,301,34,33,030,40,29,054,13,,055,,,034,,,,,
13629634,KASHIV SETH,301,28,32,030,40,35,054,14,,055,,,034,,,,,
13629635,KETAN CHOUDHARY,301,26,23,030,26,19,054,21,,055,,,048,,,,,
13629636,KHAWAHISH MEHRA,301,33,35,030,39,36,054,10,,055,,,049,,,,,
13629637,KRISH ARORA,301,31,39,030,40,38,054,39,14,055,,,241,,,,,,034
13629638,KRISH BHANDARI,301,33,32,030,38,36,054,12,,055,,,035,,,,,
13629639,KRISHI DHAWAN,301,31,24,030,32,30,054,28,11,055,,,241,,,,,,049
13629640,KRISHNAM GOEL,301,32,39,030,40,37,054,14,33,055,,,034,,,,,,048
13629641,KRISHNAM GROVER,301,28,28,030,40,34,054,13,,055,,,034,,,,,
13629642,KUSH VIG,301,26,32,030,39,37,054,33,13,055,,,241,,,,,,034
13629643,LAVANYA JOSHI,301,35,37,030,39,35,054,36,15,055,,,241,,,,,,034
13629644,LOVISH KHANNA,301,36,36,030,35,36,054,36,15,055,,,241,,,,,,034
13629645,MADHAV ARORA,301,19,28,030,31,33,054,28,,055,,,048,,,,,
13629646,MADHAV SHARMA,301,28,32,030,38,35,054,11,,055,,,049,,,,,
13629647,MADHUR SHARMA,301,20,35,030,32,32,054,12,11,055,,,034,,,,,,049
13629648,MAHAKPREET KAUR BEDI,301,30,40,030,40,40,054,38,,055,,,241,,,,,
13629649,MAHIDEEP SINGH,301,17,26,030,25,17,054,11,11,055,,,049,,,,,,034
13629650,MANNAT SACHDEVA,301,31,37,030,38,37,054,34,,055,,,241,,,,,
13629651,MANNYA KHANNA,301,27,34,030,35,34,054,15,,055,,,034,,,,,
13629652,MANSIMAR SINGH,301,29,37,030,39,36,054,27,,055,,,241,,,,,
13629653,MANYA SETHI,301,32,40,030,40,38,054,40,,055,,,241,,,,,
13629654,MAYANK GUPTA,301,23,27,030,27,19,054,06,,055,,,049,,,,,
13629655,MEHAK BHATIA,301,28,24,030,40,27,054,11,,055,,,049,,,,,
13629656,NANDINI SAGGAR,301,25,29,030,39,31,054,14,,055,,,034,,,,,
13629657,NAUNIDH SINGH,301,32,36,030,39,37,054,33,12,055,,,048,,,,,,049
13629658,NAVYA MAHAJAN,301,28,34,030,39,34,054,15,,055,,,034,,,,,
13629659,NITIKA PODDAR,301,33,38,030,40,40,054,14,,055,,,034,,,,,
13629660,NITYA MOHLA,301,20,26,030,34,23,054,19,,055,,,065,,,,,
13629661,NITYA TUTEJA,301,35,33,030,38,36,054,33,,055,,,041,,,,,
13629662,OSHMI NARANG,301,33,29,030,32,21,054,14,,055,,,049,,,,,
13629663,PALAK AGGARWAL,301,26,32,030,36,37,054,14,,055,,,049,,,,,
13629664,PRACHI SHINGHARI,301,36,32,030,39,38,054,29,,055,,,241,,,,,
13629665,PRANAV MAHAJAN,301,28,33,030,36,34,054,35,,055,,,241,,,,,
13629666,PUJAL ARORA,301,37,35,030,38,38,054,34,,055,,,041,,,,,
13629667,PULKIT KANDHARI,301,32,34,030,37,31,054,31,32,055,,,048,,,,,,041
13629668,RAGHAV CHHABRA,301,32,29,030,35,29,054,21,,055,,,241,,,,,
13629669,RAGHAV JAIN,301,34,37,030,40,40,054,40,,055,,,241,,,,,
13629670,RAGHAV MAHAJAN,301,30,36,030,34,33,054,14,30,055,,,034,,,,,,041
13629671,RAGHVAN MEHRA,301,27,34,030,36,28,054,24,14,055,,,241,,,,,,034
13629672,RAHAT RAJIV SHARMA,301,27,33,030,34,21,054,12,31,055,,,034,,,,,,048
13629673,RAI RAJ BHALLA,301,35,40,030,39,39,054,37,,055,,,241,,,,,
13629674,REHMAT KATARIA,301,34,38,030,40,39,054,12,,055,,,049,,,,,
13629675,RIJUL MAHAJAN,301,23,32,030,28,29,054,12,,055,,,035,,,,,
13629676,RITISH KHANNA,301,28,35,030,32,35,054,12,,055,,,049,,,,,
13629677,RIYA ARORA,301,25,39,104,36,40,030,31,12,054,,,055,,,,,,035
13629678,RIYA ARORA,301,29,36,030,40,34,054,35,15,055,,,241,,,,,,034
13629679,SAHARSH KHANNA,301,30,36,030,34,34,054,36,15,055,,,241,,,,,,034
13629680,SAHIB SINGH,301,29,30,030,35,33,054,21,,055,,,065,,,,,
13629681,SAKSHAM DEVGAN SHARMA,301,32,18,030,24,22,054,21,,055,,,048,,,,,
13629682,SAMRIDHI AGGARWAL,301,24,30,030,32,25,054,12,12,055,,,034,,,,,,056
13629683,SAMYAK JAIN,301,28,32,030,33,23,054,13,,055,,,034,,,,,
13629684,SANA MAHAJAN,301,31,27,030,37,31,054,14,,055,,,035,,,,,
13629685,SANCHIT AGGARWAL,301,36,39,030,40,40,054,36,15,055,,,241,,,,,,034
13629686,SANIL BHANDARI,301,31,28,030,32,35,054,23,,055,,,065,,,,,
13629687,SANYA SEKHRI,301,30,37,030,38,34,054,32,,055,,,048,,,,,
13629688,SARPAKSH THAKUR,301,29,28,030,32,23,054,23,,055,,,065,,,,,
13629689,SATYAM SEKHRI,301,26,34,030,25,24,054,13,,055,,,034,,,,,
13629690,SAYAM MONGA,301,28,34,030,31,26,054,11,,055,,,034,,,,,
13629691,SEHAJPREET KAUR,301,33,38,030,40,39,054,15,34,055,,,034,,,,,,041
13629692,SHASHANK SAVLANI,301,29,28,030,34,28,054,07,26,055,,,034,,,,,,048
13629693,SHASHVAT JAITLY,301,39,36,030,39,40,054,40,12,055,,,041,,,,,,034
13629694,SHASHWAT KHANNA,301,20,27,030,30,23,054,09,,055,,,034,,,,,
13629695,SHIVAM BHATIA,301,28,33,030,40,36,054,34,,055,,,048,,,,,
13629696,SHIVAM VAID,301,27,27,030,36,36,054,12,36,055,,,034,,,,,,041
13629697,SHREYA MAHAJAN,301,22,24,030,27,23,054,08,,055,,,049,,,,,
13629698,SHREYA MAHAJAN,301,27,29,030,35,18,054,14,,809,,,034,,,,,
13629699,SHRISH MITTAL,301,18,24,030,26,22,054,06,,055,,,034,,,,,
13629700,SIDDHARTH SETIA,301,23,24,030,37,26,054,13,21,055,,,034,,,,,,809
13629701,SIDHASHRAY MEHRA,301,30,32,030,36,20,054,15,,806,,,034,,,,,
13629702,SIMRAN ARORA,301,24,32,030,33,33,054,11,,055,,,034,,,,,
13629703,SNEHA SHINGARI,301,28,32,030,35,36,054,14,26,055,,,034,,,,,,241
13629704,SNEHJOT,301,AB,AB,030,AB,AB,054,AB,AB,055,,,049,,,,,,241
13629705,SOHAM SEHGAL,301,26,19,030,30,19,054,18,,055,,,048,,,,,
13629706,SONIT GUPTA,301,22,26,030,35,32,054,13,,055,,,034,,,,,
13629707,SOUMYA VADHERA,301,30,36,030,36,33,054,34,14,055,,,241,,,,,,035
13629708,SUJAL PALTA,301,26,20,030,31,27,054,09,,055,,,034,,,,,
13629709,SUJAL MAHAJAN,301,28,26,030,39,39,054,15,37,055,,,034,,,,,,041
13629710,SUNIDHI SHARMA,301,31,36,030,40,39,054,36,,055,,,041,,,,,
13629711,SWANIKA MEHRA,301,36,37,030,39,36,054,14,,055,,,035,,,,,
13629712,SYESHA SARPAL,301,29,34,030,36,35,054,32,15,055,,,241,,,,,,034
13629713,TAMANNA BHALLA,301,35,39,030,40,38,054,39,,055,,,241,,,,,
13629714,TANISHA GANDHI,301,29,35,030,37,36,054,11,AB,055,,,049,,,,,,034
13629715,TARANJIT SINGH,301,31,37,030,39,35,054,14,,055,,,035,,,,,
13629716,TARANPREET KAUR,301,27,25,030,36,31,054,34,14,055,,,041,,,,,,034
13629717,TAVISH GUPTA,301,32,33,030,36,36,054,31,,055,,,048,,,,,
13629718,TISHA ARORA,301,31,38,030,39,38,054,14,33,055,,,034,,,,,,241
13629719,TUNEER SHARMA,301,24,25,030,28,23,054,18,,055,,,065,,,,,
13629720,TUSHAR SHARMA,301,28,31,030,36,34,054,14,,055,,,034,,,,,
13629721,UDAY NANDA,301,28,32,030,38,32,054,31,15,055,,,048,,,,,,034
13629722,UDITI BAJAJ,301,35,39,030,40,39,054,38,14,055,,,241,,,,,,034
13629723,UJJAWAL AGGARWAL,301,21,19,030,32,22,054,10,,055,,,034,,,,,
13629724,VAIBHAV TALWAR,301,35,39,030,39,38,054,38,12,055,,,241,,,,,,035
13629725,VANISHTA,301,25,32,030,34,32,054,30,,055,,,241,,,,,
13629726,VANSH GUPTA,301,36,31,030,37,35,054,35,,055,,,041,,,,,
13629727,VANSH MEHRA,301,31,27,030,35,36,054,15,27,055,,,034,,,,,,241
13629728,VANSH SETH,301,39,36,030,36,32,054,28,,055,,,241,,,,,
13629729,VANSHIKA ARORA,301,31,39,030,40,35,054,15,,055,,,056,,,,,
13629730,VEDANT DEV SHARMA,301,27,35,030,39,39,054,31,,055,,,048,,,,,
13629731,VIDHI GOEL,301,36,39,030,40,38,054,35,,055,,,241,,,,,
13629732,VINAYAK ARORA,301,36,36,030,40,37,054,38,,055,,,041,,,,,
13629733,VISHVESH MAHAJAN,301,24,23,030,28,23,054,25,,055,,,241,,,,,
13629734,YOJAN NAGPAL,301,30,28,030,34,39,054,12,AB,055,,,034,,,,,,048
13629735,YUVRAJ MARWAH,301,36,39,030,39,39,054,39,25,055,,,041,,,,,,065
13629736,AARYA KAPUR,301,32,32,030,36,33,054,13,12,028,,,056,,,,,,049
13629737,AASTHA SHARMA,301,28,11,049,27,08,037,21,,034,,,806,,,,,
13629738,ADITYA DUGGAL,301,20,18,028,32,15,054,11,15,806,,,034,,,,,,056
13629739,AMANBIR SINGH DHILLON,301,27,25,030,26,29,054,28,,028,,,048,,,,,
13629740,ANJANI AGGARWAL,301,36,39,030,40,40,027,39,,028,,,041,,,,,
13629741,ANSHIKA MEHTA,301,31,35,027,37,32,028,12,,037,,,056,,,,,
13629742,ANUBHAV PREET SHARMA,301,32,36,027,37,30,028,28,,037,,,048,,,,,
13629743,ANUBHUTI ARORA,301,27,28,030,22,25,065,22,32,806,,,809,,,,,,833
13629744,ARSH KAPOOR,301,32,37,054,36,37,027,14,,028,,,034,,,,,
13629745,ARUSHI JUNEJA,301,26,40,030,40,38,054,14,14,028,,,034,,,,,,056
13629746,ARYAN SUNEJA,301,25,26,054,24,09,028,13,,049,,,034,,,,,
13629747,AYUSHI GUPTA,301,31,38,104,31,33,048,13,,037,,,809,,,,,
13629748,BAVNEET KAUR,301,37,35,037,14,38,056,30,,041,,,065,,,,,
13629749,BHUMIKA MAHENDRU,301,20,19,054,09,16,049,11,,065,,,809,,,,,
13629750,CHAKSHU SALWAN,301,24,19,054,16,19,065,12,,809,,,034,,,,,
13629751,CHHAVI SHARMA,301,19,32,054,36,13,028,11,,049,,,034,,,,,
13629752,DAKSH KAPOOR,301,15,32,104,19,16,054,21,,048,,,809,,,,,
13629753,DHARYA MEHRA,301,25,31,048,31,21,833,12,AB,809,,,034,,,,,,241
13629754,DHRON KAPOOR,301,16,32,104,21,13,054,21,,049,,,809,,,,,
13629755,DHRUV BHANDARI,301,25,37,054,25,11,028,12,,049,,,034,,,,,
13629756,DIVYA KAPOOR,301,26,11,049,21,35,809,14,,054,,,034,,,,,
13629757,DIVYANSHU,301,23,37,104,31,36,030,29,,054,,,048,,,,,
13629758,DIYA MEHRA,301,21,22,037,33,11,048,18,,049,,,806,,,,,
13629759,EKAMNOOR SINGH SANDHU,301,30,34,054,33,15,048,21,,809,,,806,,,,,
13629760,GUNJAN SALWAN,301,34,37,030,39,35,054,09,,028,,,034,,,,,
13629761,HARSHITA SHARMA,301,28,14,034,23,14,030,18,,049,,,809,,,,,
13629762,HEMANGI CHANDOK,301,26,26,037,24,12,028,09,,049,,,034,,,,,
13629763,JAIDEEP SINGH,301,19,21,030,35,19,054,15,,048,,,034,,,,,
13629764,JAPJOT SINGH,301,26,30,104,22,35,030,24,15,054,,,048,,,,,,034
13629765,JASMINDER SINGH BAINS,301,31,26,028,25,28,037,23,,048,,,065,,,,,
13629766,JASPREET KAUR,301,21,37,104,24,36,030,10,,054,,,056,,,,,
13629767,KANU CHAWLA,301,25,36,054,16,22,030,14,,028,,,034,,,,,
13629768,KASHISH GUPTA,301,24,27,030,36,19,054,12,,809,,,034,,,,,
13629769,KASHISH HANDA,301,32,36,030,39,35,028,11,,037,,,049,,,,,
13629770,KASHVI CHOPRA,301,28,39,104,40,14,054,24,,049,,,809,,,,,
13629771,KAVISHA KAITH,301,19,27,048,12,26,049,25,,833,,,806,,,,,
13629772,KAVYA THUKRAL,301,29,33,030,40,14,054,23,,034,,,809,,,,,
13629773,KAWANPREET KAUR,301,36,38,030,40,34,028,14,,037,,,034,,,,,
13629774,KHUSHBOO ARORA,301,22,30,104,13,08,049,08,,056,,,034,,,,,
13629775,KHUSHI KAPOOR,301,30,12,049,21,09,037,16,,034,,,809,,,,,
13629776,KHWAISH BHANDARI,301,26,25,030,34,32,054,09,,028,,,034,,,,,
13629777,KHYATI MEHTA,301,33,40,028,35,14,037,36,12,049,,,027,,,,,,056
13629778,KRISHANG DHIMAN,301,26,12,049,27,16,833,31,,065,,,041,,,,,
13629779,KRITDEEP KAUR,301,27,25,037,25,13,065,13,,049,,,056,,,,,
13629780,KUBER THAKUR,301,30,12,035,35,22,037,35,,065,,,041,,,,,
13629781,LAVANYA DUGGAL,301,32,28,037,14,15,049,25,,034,,,809,,,,,
13629782,LIVTEJ KAUR TOOR,301,29,37,030,33,28,037,33,,048,,,041,,,,,
13629783,MAHIMA CHAWLA,301,22,35,054,09,26,056,23,,048,,,809,,,,,
13629784,MANAN ARORA,301,16,23,030,33,21,054,09,,048,,,034,,,,,
13629785,MANEYA,301,27,27,030,29,23,037,18,,065,,,809,,,,,
13629786,MEHAK MAHAJAN,301,24,38,054,14,25,049,14,,809,,,034,,,,,
13629787,MEHR BALUJA,301,27,24,030,10,22,056,29,,809,,,037,,,,,
13629788,MOLLI CHOUDHARY,301,29,35,037,39,29,028,15,,065,,,049,,,,,
13629789,MUSKAN MAHAJAN,301,19,30,048,12,16,049,09,,809,,,034,,,,,
13629790,NAAZ KAPOOR,301,22,24,030,20,28,028,08,,037,,,056,,,,,
13629791,NAAZ WADHWA,301,21,15,049,11,29,056,21,,833,,,809,,,,,
13629792,NANDINI ARORA,301,32,28,030,36,29,054,30,,028,,,029,,,,,
13629793,NANDINI ARORA,301,27,11,049,25,19,809,14,,806,,,034,,,,,
13629794,NAZEEM SINGH ARORA,301,28,34,037,38,30,030,15,,809,,,056,,,,,
13629795,NIKUNJ ARORA,301,34,40,030,40,35,054,30,,048,,,065,,,,,
13629796,NIKUNJ BATRA,301,25,26,030,32,24,028,10,,037,,,034,,,,,
13629797,NISCHAY NARANG,301,30,36,030,38,13,054,36,,056,,,028,,,,,
13629798,NISHTHA BHANDARI,301,33,35,037,40,32,054,14,,030,,,034,,,,,
13629799,PAIGAM,301,28,32,030,31,32,054,30,,028,,,029,,,,,
13629800,PRANAV KAPOOR,301,23,11,049,24,33,054,24,12,041,,,065,,,,,,034
13629801,PRANAV KAPOOR,301,29,31,030,36,32,028,27,,048,,,833,,,,,
13629802,PRANVIT SINGH DANG,301,27,31,030,34,29,037,32,,806,,,048,,,,,
13629803,REHAN CHADHA,301,30,33,054,27,33,030,14,,028,,,034,,,,,
13629804,REHMAT BATRA,301,31,28,030,32,28,028,33,,048,,,037,,,,,
13629805,RIDHAM,301,27,35,030,32,36,037,33,13,028,,,029,,,,,,049
13629806,RIDHAM KUNDAL,301,28,35,104,23,24,027,22,,028,,,037,,,,,
13629807,RIDHI AGGARWAL,301,32,39,054,36,13,041,27,14,049,,,809,,,,,,056
13629808,RIDHIE SHARMA,301,28,40,030,40,40,054,15,,028,,,034,,,,,
13629809,ROHAN SURI,301,28,26,030,35,12,054,19,,049,,,809,,,,,
13629810,SADIL VERMA,301,24,12,049,25,21,241,13,,065,,,034,,,,,
13629811,SAKSHAM ARORA,301,23,31,104,22,11,806,21,,034,,,048,,,,,
13629812,SAKSHAR ARORA,301,20,38,104,30,22,048,22,,833,,,806,,,,,
13629813,SANVI ARORA,301,36,39,030,40,15,028,35,,034,,,041,,,,,
13629814,SHINEBIR SINGH SIDHU,301,36,35,037,38,39,027,35,,028,,,029,,,,,
13629815,SHUBANGI BATRA,301,24,11,049,32,14,054,16,,056,,,809,,,,,
13629816,SMAYA BHALLA,301,26,28,054,09,17,049,20,,806,,,809,,,,,
13629817,SMILEY SONI,301,34,30,037,32,13,048,15,,049,,,034,,,,,
13629818,SMRIDHI SABHARWAL,301,29,35,030,31,32,037,15,,028,,,049,,,,,
13629819,SNEHA ARORA,301,34,36,030,33,32,037,25,,041,,,809,,,,,
13629820,SNEHAL AGGARWAL,301,33,40,027,40,35,028,14,14,037,,,049,,,,,,034
13629821,SRISHTI MAINI,301,32,40,054,33,40,029,33,,028,,,041,,,,,
13629822,TANISH CHOPRA,301,25,32,054,18,26,065,22,,048,,,809,,,,,
13629823,TANVEER KAUR,301,37,35,037,30,15,065,38,,049,,,041,,,,,
13629824,UDHAV PURI,301,27,33,054,35,25,048,25,14,065,,,809,,,,,,034
13629825,UDHAY ARORA,301,17,36,028,30,12,054,11,11,806,,,034,,,,,,056
13629826,UDIT GREWAL,301,36,36,030,40,35,054,38,,037,,,028,,,,,
13629827,VAIBHAV ARORA,301,26,37,104,30,32,030,27,12,048,,,054,,,,,,034
13629828,VANI KHARBANDA,301,31,32,030,34,36,054,14,,028,,,049,,,,,
13629829,VANSHAJ VIJ,301,24,20,030,19,16,806,11,,833,,,034,,,,,
13629830,VIDHI RAI,301,22,13,049,19,21,048,18,,054,,,809,,,,,
13629831,VRINDA GUPTA,301,26,31,037,14,25,049,23,,065,,,809,,,,,
13629832,YASHVI MEHRA,301,26,36,104,15,22,049,21,,037,,,809,,,,,
13629833,ZANNATPREET KAUR,301,22,34,104,26,17,037,20,11,030,,,809,,,,,,034
13629834,TANISHA GAGNEJA,301,28,31,037,36,27,054,11,33,030,,,056,,,,,,041
13629835,SHREYA ARORA,301,34,14,049,24,15,037,25,,034,,,241,,,,,
13629836,RAJVARDHAN SINGH,301,20,30,054,30,25,029,25,,065,,,048,,,,,
13629837,GARIMA,301,28,31,041,24,30,030,17,13,054,,,809,,,,,,049
13629838,KANAN NAYYAR,301,35,35,037,36,32,030,27,,048,,,809,,,,,
13629839,SHUBANGI BATRA,301,AB,AB,054,AB,AB,049,AB,,056,,,809,,,,,
13629840,RUJULA HANDA,301,28,30,037,13,14,049,24,,056,,,809,,,,,
13629841,SHATAKSHI BHARDWAJ,301,21,15,034,14,29,049,26,,048,,,806,,,,,
13629842,MAHIRA MAKHIJA,301,28,35,054,27,33,806,30,,029,,,048,,,,,
13629843,NANDINI JAIN,301,32,34,037,38,13,028,13,33,056,,,049,,,,,,029
13629844,DIYA,301,33,35,029,37,33,027,35,,028,,,037,,,,,
13629845,SUJAL TANDON,301,24,24,030,26,12,833,24,,034,,,809,,,,,
13629846,ANSHITA KAPOOR,301,26,29,030,24,09,037,18,AB,049,,,809,,,,,,041
13629847,SUHANI ANAND,301,32,23,030,32,24,054,12,,055,,,049,,,,,
13629848,MRIDUL SHARMA,301,21,29,030,26,26,054,14,26,055,,,049,,,,,,048
13629849,PAVANI MEHRA,301,28,32,037,31,31,048,13,,028,,,034,,,,,
13629850,MITHILAA ARORA,301,28,35,054,38,14,030,14,22,056,,,049,,,,,,241
13629851,ASHUTOSH TIWARI,301,AB,AB,104,AB,AB,049,AB,,806,,,034,,,,,
13629852,DEWANSHI KAPOOR,301,28,35,054,27,12,806,14,,049,,,034,,,,,
13629853,VERAIN KAPOOR,301,23,37,104,20,17,048,23,,028,,,037,,,,,
13629854,NEER KAHLON,301,32,40,104,24,28,042,24,,043,,,044,,,,,
13629855,REHMAT CHUGH,301,36,39,030,15,35,034,30,40,037,,,806,,,,,,054
13629856,TANISHQ KHANNA,301,26,28,030,24,26,054,23,08,055,,,065,,,,,,034
13629857,SOMYA TALWAR,301,31,30,030,36,32,054,12,AB,055,,,034,,,,,,241
13629858,SAMARTH RAMPAL,301,32,29,030,28,37,055,31,14,054,,,037,,,,,,035
13629859,SAMARTH KAPOOR,301,32,34,030,30,38,833,13,34,028,,,034,,,,,,241
13629860,NITISH ARORA,301,22,40,104,31,29,048,14,,806,,,034,,,,,
13629861,SAKSHAM GROVER,301,28,24,042,14,28,043,11,,041,,,034,,,,,
13629862,GURLEEN KAUR,301,26,24,027,24,32,028,27,,029,,,054,,,,,
13629863,VISHWAS UPPAL,301,29,38,028,26,32,833,27,,030,,,048,,,,,
13629864,DIYA NISCHAL,301,14,20,054,15,18,065,AB,,809,,,035,,,,,
13629865,MAANYA SHARMA,301,28,33,037,13,18,056,14,,809,,,034,,,,,
13629866,MOKSH RATRA,301,16,16,048,30,19,027,10,AB,833,,,034,,,,,,030
13629867,SIDDHANT BHARDWAJ,301,28,33,054,28,23,030,10,,055,,,049,,,,,
13629868,SAKSHAM KHANNA,301,32,32,027,30,26,833,12,,048,,,034,,,,,
13629869,SWASTIK MEHRA,301,26,32,042,32,34,043,14,,041,,,049,,,,,
13629870,KIRANJOT KAUR,301,17,32,054,32,19,048,18,36,065,,,809,,,,,,104